%YAML:1.0
---
CameraMatrix: !!opencv-matrix
   rows: 3
   cols: 3
   dt: d
   data: [ 402.10557173398962, 0., 297.42127951823647, 0.,
       536.37265854467762, 189.20604507273453, 0., 0., 1. ]
DistCoeffs: !!opencv-matrix
   rows: 1
   cols: 5
   dt: d
   data: [ -0.34949737631131211, 0.16055963660554876,
       0.0016687608593041728, -0.0010395181195025662,
       -0.040895861352617753 ]
